<?xml version="1.0" encoding="UTF-8" standalone="no"?>
<!-- Created with Inkscape (http://www.inkscape.org/) -->

<svg
   width="210mm"
   height="297mm"
   viewBox="0 0 210 297"
   version="1.1"
   id="svg5"
   inkscape:version="1.2.2 (732a01da63, 2022-12-09, custom)"
   sodipodi:docname="logosign"
   inkscape:export-filename="signature logo.svg"
   inkscape:export-xdpi="96"
   inkscape:export-ydpi="96"
   xmlns:inkscape="http://www.inkscape.org/namespaces/inkscape"
   xmlns:sodipodi="http://sodipodi.sourceforge.net/DTD/sodipodi-0.dtd"
   xmlns="http://www.w3.org/2000/svg"
   xmlns:svg="http://www.w3.org/2000/svg">
  <sodipodi:namedview
     id="namedview7"
     pagecolor="#ffffff"
     bordercolor="#111111"
     borderopacity="1"
     inkscape:showpageshadow="0"
     inkscape:pageopacity="0"
     inkscape:pagecheckerboard="1"
     inkscape:deskcolor="#d1d1d1"
     inkscape:document-units="mm"
     showgrid="false"
     showguides="false"
     inkscape:zoom="0.70199214"
     inkscape:cx="49.858108"
     inkscape:cy="563.39662"
     inkscape:window-width="1846"
     inkscape:window-height="1016"
     inkscape:window-x="0"
     inkscape:window-y="0"
     inkscape:window-maximized="1"
     inkscape:current-layer="layer1" />
  <defs
     id="defs2" />
  <g
     inkscape:label="Calque 1"
     inkscape:groupmode="layer"
     id="layer1">
    <path
       style="fill:#000000;stroke-width:0.264583"
       id="path487"
       d="m 33.835369,130.8788 c 0.745257,-2.72137 2.031582,-5.3148 3.453222,-7.73736 1.398694,-2.38345 2.827737,-4.75385 4.39756,-7.02824 6.988657,-10.1253 8.909519,-11.78507 17.445943,-21.765907 4.304487,-4.309162 8.441906,-8.79195 12.913468,-12.927486 9.825148,-9.086818 19.959555,-17.040981 30.894148,-24.750688 8.90378,-6.277837 18.83854,-12.489563 28.40794,-17.799767 3.19153,-1.771025 6.49842,-3.325675 9.74763,-4.988509 -13.10559,-6.501697 10.8584,-1.59661 8.11359,-1.462183 -2.66133,0.130336 -5.48,-1.406626 -7.979,-0.482158 -1.96903,0.728411 -2.54604,3.345701 -3.95906,4.898453 -6.00806,6.602198 -8.12799,7.995015 -15.24527,14.09518 -3.78622,2.692037 -7.44554,5.572119 -11.35867,8.076107 C 97.834081,67.217866 84.083945,74.010538 68.97185,76.765099 56.995787,78.948038 54.362315,77.978338 42.782167,76.946915 41.02999,76.23005 39.23317,75.613849 37.525639,74.796321 35.319192,73.739924 33.065063,72.72765 31.055598,71.332502 c -2.034659,-1.412645 -4.403553,-3.749387 -4.782909,-6.437506 -0.08934,-0.633066 0.09073,-1.370623 0.517156,-1.846977 0.36385,-0.40645 1.043282,-0.319251 1.564921,-0.478877 0.67972,0.25662 2.611977,0.322913 2.039162,0.769858 -0.945118,0.737442 -3.191274,-0.711575 -3.571086,0.425445 -0.386315,1.156491 1.874493,1.606166 2.554332,2.618359 0.941977,1.40249 1.659866,2.958134 2.253485,4.539877 1.659025,4.4206 1.929379,7.589999 2.687625,12.24348 0.631653,4.255539 0.772728,8.564475 1.305372,12.83014 0.232791,1.86431 0.436851,3.740925 0.873561,5.568249 0.817068,3.41886 1.765059,6.23589 4.776991,8.40017 1.422702,1.0223 3.221072,1.37893 4.831607,2.0684 3.856196,0.17127 7.728476,0.90513 11.568591,0.51382 3.383301,-0.34475 12.125298,-4.70364 14.777521,-6.11817 7.198191,-3.83907 13.897581,-8.499471 20.592114,-13.13328 2.559751,-1.709179 4.965453,-3.638836 7.507059,-5.374037 0.47503,-0.324307 1.97628,-0.634203 1.46899,-0.905266 -2.310788,-1.234723 -4.901844,-2.064023 -7.509075,-2.322134 -0.622943,-0.06167 -0.793792,0.968322 -1.178602,1.462063 -0.68435,0.878076 -1.352426,1.768713 -2.028638,2.65307 -1.921467,2.885194 -3.039041,4.398163 -4.652009,7.504504 -0.635022,1.222957 -1.264423,2.458387 -1.722734,3.75794 -0.737082,2.09001 -1.337744,4.35566 0.04369,6.41643 0.649433,0.9688 1.812502,1.4684 2.718753,2.20259 3.354131,0.31976 6.69576,1.0942 10.062398,0.95927 2.344927,-0.094 9.213987,-3.47728 10.834237,-4.29204 6.30769,-3.1719 12.30025,-6.908714 18.29784,-10.618167 3.74727,-2.375281 7.46799,-4.792311 11.18139,-7.220106 0.46511,-0.304086 0.99827,-0.525772 1.39086,-0.919049 0.25238,-0.252823 0.81782,-0.835131 0.48208,-0.957159 -2.73769,-0.995019 -5.67698,-1.308394 -8.51547,-1.962592 -5.0714,3.603747 -10.26631,7.300497 -13.93032,12.430339 -0.67594,0.946356 -1.18822,1.999515 -1.78233,2.999272 -0.21438,0.946972 -0.72579,1.873502 -0.64313,2.840902 0.19565,2.2896 1.82095,4.27657 4.09949,4.83499 3.29734,0.8081 6.71106,1.21461 10.10556,1.26773 2.42059,0.0379 9.72762,-2.22222 11.72372,-2.78459 9.31587,-2.94514 17.92138,-7.599501 26.59349,-12.00766 6.20594,-3.154569 4.48578,-2.290239 10.08661,-5.012439 -4.46363,-1.504129 5.71384,-0.978191 4.38941,-1.855152 -2.20636,-1.460931 -4.66436,-2.621608 -7.22474,-3.290043 -0.59831,-0.156203 -1.04476,0.661804 -1.56558,0.995161 -1.09899,0.703432 -2.19835,1.406319 -3.29384,2.115193 -1.9438,1.257803 -3.88266,2.523215 -5.824,3.784819 -22.61487,14.281961 -44.29514,29.978551 -66.966308,44.175681 -6.370886,3.98958 -12.855358,7.79483 -19.283037,11.69225 -14.360382,7.869 -22.480857,12.82445 -37.30717,19.11674 -6.219264,2.63946 -16.244965,6.71064 -23.721969,6.56679 -0.760892,-0.0146 1.287527,-0.92058 1.626967,-1.60172 0.556159,-1.11602 0.647637,-2.40829 0.971456,-3.61243 1.494379,-2.2713 2.723739,-4.74111 4.483138,-6.81392 4.911548,-5.78645 11.394289,-11.05334 17.85044,-14.97631 6.801504,-4.1328 11.494873,-6.28126 19.375279,-6.7217 0.963419,-0.0539 1.803132,0.68776 2.7047,1.03164 2.032598,1.22122 4.258188,2.16744 6.097791,3.66367 3.778943,3.07358 7.202803,8.30843 10.287087,11.94312 1.803927,2.12586 3.512495,4.37083 5.62519,6.19015 6.820742,5.87358 8.746511,5.6509 17.247606,8.70143 5.17342,0.54835 10.31847,1.56509 15.52026,1.64504 3.83668,0.059 7.66179,-0.59215 11.44544,-1.23059 8.93198,-1.50713 18.73453,-4.56656 26.71157,-8.97232 1.76891,-0.97697 3.3834,-2.21059 5.0751,-3.31589 2.26537,-1.97549 5.083,-3.81475 6.57726,-6.54774 0.20479,-0.37456 0.89596,-2.44841 0.23019,-2.73174 -2.32951,-0.99134 -4.94845,-1.07255 -7.42268,-1.60882 -0.85874,0.78844 -1.46782,1.31791 -1.75362,2.45231 -2.68824,1.54934 1.1341,-1.51127 0.57463,-1.80175 -0.14749,-0.0766 -0.33227,0.008 -0.49841,0.0117 0,0 6.12666,4.94844 6.12666,4.94844 v 0 c 0.185,0.0101 0.3745,0.0723 0.55498,0.0304 0.78328,-0.18169 0.88164,-1.26979 1.11191,-1.81135 -0.0345,0.13823 -0.07,0.27623 -0.10358,0.4147 -0.0893,0.3683 0.13996,-0.002 0.28814,0.18552 0.0584,0.074 0.0475,0.18249 0.0712,0.27374 -2.24956,-0.55808 -4.62034,-0.75652 -6.74867,-1.67422 -0.35485,-0.153 0.12114,-0.76557 0.23128,-1.13597 0.025,-0.0841 0.0631,0.18098 0.0287,0.26173 -0.1713,0.4024 -0.37408,0.79624 -0.63,1.15088 -0.5026,0.69646 -1.0365,1.37568 -1.63666,1.99006 -0.93997,0.96224 -1.982,1.8192 -2.973,2.7288 -1.52829,1.06721 -2.9806,2.25245 -4.58486,3.20163 -7.66327,4.53409 -16.70817,7.49586 -25.48702,8.79502 -3.74173,0.55373 -7.53405,0.74208 -11.31462,0.86245 -2.05947,0.0656 -4.11599,-0.20374 -6.17399,-0.30561 -7.98503,-2.57873 -10.11712,-2.38514 -16.552943,-7.75632 -2.09659,-1.74977 -3.811198,-3.91865 -5.569415,-6.00815 -2.944413,-3.49921 -6.877722,-9.63222 -10.321301,-12.74071 -1.969704,-1.77804 -4.365053,-3.01843 -6.54758,-4.52764 -4.323543,-0.5049 -8.621096,-1.68641 -12.970634,-1.51471 -6.464427,0.2552 -14.08262,4.53583 -19.218809,7.76989 -6.10638,3.84495 -13.981317,9.95779 -18.875167,15.34827 -2.113099,2.32754 -3.674387,5.1019 -5.511581,7.65285 -0.274873,2.2924 -2.409454,5.19823 -0.824618,6.8772 4.6623,4.93924 13.693237,1.88613 18.451309,0.11499 4.49307,-1.67249 8.85335,-3.69331 13.176213,-5.76641 13.131678,-6.29751 23.831192,-12.46994 36.673088,-19.55873 6.495042,-3.87296 13.023416,-7.69057 19.485129,-11.61889 23.340279,-14.18943 46.068269,-29.41708 70.023299,-42.578289 13.66557,-7.255288 0.89797,-0.509233 10.16344,-5.340519 0.69973,-0.364861 2.63839,-0.542298 2.0908,-1.110533 -5.57798,-5.788261 -4.85492,-4.750599 -7.83914,-2.918146 -0.8523,0.523349 -1.7221,1.017644 -2.58315,1.526466 -5.27097,2.967451 -10.56025,5.90804 -15.98638,8.58637 -4.23352,2.089663 -9.02408,4.319521 -13.46633,5.962364 -2.16717,0.801467 -4.39193,1.437637 -6.58789,2.156467 -2.09006,0.46298 -4.15371,1.06759 -6.27017,1.38896 -1.79069,0.2719 -3.69167,-0.15587 -5.4199,0.38608 -0.70068,0.21973 2.58926,0.10295 2.10371,0.65383 -0.1954,0.22168 -3.28788,-0.28555 -3.57848,-1.1229 -0.21466,-0.61849 0.16998,-1.29829 0.25497,-1.94744 0.49861,-0.87118 0.9129,-1.796366 1.49583,-2.613531 2.97495,-4.170421 7.3062,-7.372027 11.67541,-9.94596 0.76489,-0.450601 1.57015,-0.828863 2.35522,-1.243293 -2.0122,-1.088099 -4.13608,-1.991132 -6.0366,-3.264292 -0.17953,-0.120271 0.52535,-0.660963 0.33806,-0.553169 -0.41378,0.238143 -0.69028,0.660775 -1.05673,0.966785 -0.71901,0.600421 -1.45124,1.185502 -2.19796,1.751086 -3.32665,2.51968 -4.43959,3.203133 -8.10596,5.704642 -5.8804,3.710934 -11.77286,7.447539 -18.16722,10.238702 -1.94499,0.849 -3.923753,1.64316 -5.962836,2.23134 -1.563563,0.45101 -3.511298,-0.11562 -4.803044,0.87409 -0.684657,0.52457 1.600028,0.6447 2.40004,0.96705 -0.742788,-0.0847 -1.564245,0.0892 -2.228365,-0.25406 -1.695265,-0.87632 -0.989986,-2.94813 -0.583314,-4.21829 1.234332,-3.855201 3.843359,-7.370754 6.30818,-10.507667 0.753737,-0.822426 1.496862,-1.654704 2.261209,-2.467279 0.553,-0.587897 2.28722,-1.190305 1.69038,-1.733646 -1.88532,-1.716333 -4.520213,-2.480032 -6.994477,-3.095035 -0.491676,-0.122211 -0.684152,0.748914 -1.054807,1.094306 -2.507038,2.33615 -3.793527,3.269848 -6.680025,5.602455 -1.884423,1.382715 -3.729892,2.820148 -5.65327,4.148142 -4.509601,3.113657 -9.537991,6.308424 -14.45751,8.726584 -15.656055,7.69565 -0.0039,-0.3748 -14.770661,4.98395 -0.27458,0.0996 -0.01553,0.58399 -0.02328,0.87599 -3.423382,-0.72966 -5.26429,-0.41732 -7.477643,-3.50499 -0.887463,-1.23803 -1.332656,-2.75533 -1.758633,-4.21781 C 42.668383,99.871687 42.41026,98.045044 42.138462,96.232331 41.8353,94.210456 40.946551,85.136936 40.759348,83.280495 40.056035,78.431 39.759757,75.073194 38.339543,70.380293 37.790958,68.567564 37.170341,66.758846 36.296555,65.07854 c -0.688518,-1.324038 -1.293691,-2.930752 -2.6068,-3.639891 -7.056408,-3.810773 -7.070153,-3.23397 -12.1599,-1.854901 -0.681117,0.823 -1.645562,1.477531 -2.043352,2.469002 -0.999499,2.491197 -0.09902,5.274489 1.444452,7.291638 1.193465,1.55973 2.667201,2.934616 4.295458,4.032745 7.503153,5.060278 11.818113,4.730332 21.473389,6.860109 11.560339,0.54838 14.094163,1.339627 25.988203,-1.09015 4.979445,-1.017225 9.894509,-2.418244 14.666113,-4.167925 8.727286,-3.200178 19.625212,-9.135309 27.515852,-13.976395 4.08633,-2.507057 7.97449,-5.323652 11.96173,-7.985477 7.46855,-5.988928 9.88208,-7.606427 16.46199,-13.984002 1.71177,-1.659133 4.91128,-2.806977 4.91946,-5.190844 0.0251,-7.324167 -3.84425,-6.903019 -6.79458,-5.384649 -1.76118,0.906383 -3.45483,1.938366 -5.18225,2.907548 -2.96383,1.837063 -5.95362,3.632899 -8.89151,5.511186 C 118.28413,42.669325 108.6783,49.077128 99.990411,55.319686 94.526631,59.24561 89.073544,63.193765 83.794583,67.364898 70.172238,78.128494 67.545264,81.132499 55.1529,92.8798 c -9.562311,10.20826 -10.955289,11.28804 -19.173086,21.42769 -3.788728,4.67478 -7.612909,9.54635 -9.867504,15.18862 0,0 7.723064,1.38268 7.723064,1.38268 z" />
    <path
       style="fill:#000000;stroke-width:0.264583"
       id="path497"
       d="m 199.36948,64.934501 c -0.90213,-5.572082 -2.24042,-11.099173 -4.43872,-16.318732 -1.07894,-2.561791 -2.44474,-4.993074 -3.6671,-7.489608 0,0 -6.04656,0.574471 -6.04656,0.574471 v 0 c 1.13373,2.398329 2.43118,4.725892 3.40118,7.194984 1.94671,4.955304 3.02986,10.236255 3.13265,15.551531 0,0 7.61855,0.487354 7.61855,0.487354 z" />
  </g>
</svg>
